0.498
0.507
0.497
0.495
0.504
0.541
0.640
0.550
0.542
0.488
0.490
0.485
0.495
0.487
0.484
0.490
0.492
0.496
0.489
0.490
0.522
0.489
0.496
0.486
0.488
0.498
0.491
0.507
0.549
0.629
-
0.485
0.591
0.547
0.569
0.496
0.676
0.581
0.654
0.628
0.679
0.785
0.616
0.550
0.541
0.647
0.566
0.665
0.563
0.582
0.586
0.536
0.544
0.530
0.526
0.526
0.534
0.529
0.531
0.530
0.527
-
0.912
0.862
0.876
0.873
0.893
0.899
0.878
0.867
1.002
0.893
0.874
0.877
0.898
0.900
0.921
0.919
0.881
0.856
0.856
0.875
0.874
0.867
0.894
0.859
0.890
0.874
0.928
0.867
0.875
0.877
-
0.593
0.563
0.569
0.577
0.560
0.598
0.730
0.677
0.696
0.691
0.610
0.573
0.574
0.569
0.573
0.570
0.588
0.584
0.572
0.569
0.568
0.565
0.565
0.566
0.570
0.569
0.560
0.559
0.566
0.566
-
3.743
3.693
3.681
3.712
3.750
3.740
3.762
3.734
3.717
4.030
3.828
3.995
4.131
3.915
3.840
4.131
3.740
3.948
3.912
4.141
3.906
3.777
4.173
4.065
4.023
4.211
4.637
4.578
5.896
5.468
-
0.722
0.602
0.596
0.649
0.684
0.606
0.593
0.586
0.591
0.635
0.724
0.716
0.639
0.607
0.689
0.634
0.745
0.652
0.650
0.694
0.647
0.574
0.695
0.601
0.673
0.725
0.605
0.575
0.587
0.593
-
