2.682
2.605
2.652
2.563
2.569
2.732
2.511
2.566
2.671
2.640
2.667
2.564
2.592
2.580
2.654
2.523
2.660
2.767
2.555
2.558
2.567
2.520
2.516
2.616
2.576
2.609
2.544
2.596
2.472
2.565
-
2.507
2.622
2.604
2.718
2.650
2.591
2.677
2.721
2.766
2.480
2.641
2.739
2.615
2.590
2.734
2.702
2.658
2.617
2.724
2.614
2.637
2.676
2.622
2.634
2.661
2.670
2.754
2.718
2.664
2.674
-
2.112
2.118
2.099
2.290
1.968
2.193
2.207
2.178
2.195
2.066
2.204
2.080
2.100
2.226
2.146
2.054
2.125
2.367
2.257
2.341
2.476
2.637
2.222
2.192
2.087
2.372
2.224
2.301
2.093
2.058
-
2.569
2.688
2.603
2.548
2.398
2.609
2.647
2.503
2.537
2.607
2.461
2.528
2.641
2.630
2.640
2.505
2.485
2.595
2.665
2.705
2.591
2.653
2.672
2.435
2.533
2.605
2.575
2.521
2.537
2.693
-
6.047
5.660
5.791
5.902
5.827
5.408
5.521
5.488
5.294
5.683
5.740
5.676
6.818
5.431
5.780
6.634
5.646
5.657
6.046
5.726
5.820
5.942
6.072
5.920
5.672
5.869
5.584
5.971
5.764
5.598
-
2.632
2.752
2.835
2.766
2.715
2.750
2.836
2.837
2.658
2.769
2.781
2.769
2.728
2.689
2.713
2.664
2.788
2.451
2.673
2.856
2.722
2.691
2.848
2.754
2.637
2.801
2.758
2.704
2.649
2.670
-
